0.0 
0.0 
0.0 
0.0 
0.0 
0.0 
0.0 
0.0 
0.0 
0.0 
0.0 
0.0 
0.0 
0.0 
0.0 
0.0 
0.0 
0.0 
0.0 
0.0 
0.0 
0.0 
0.0 
0.0 
0.0 
0.0 
0.0 
0.0 
0.0 
0.0 
0.0 
0.0 
0.0 
0.0 
0.28797541807580257 
0.014419682898949116 
0.6271727142963528 
0.35805740184680135 
2.4823602243727816 
0.03201124101384524 
0.6473461105485377 
0.0 
0.4723507939438438 
0.15477176126276268 
0.023104495639439178 
0.37181710905705556 
0.23723952501088724 
0.33718619577917797 
1.0708137518122394 
0.4015519855355066 
0.7381792668820921 
0.4970128704449523 
0.2766162768927633 
0.38722274726288475 
0.18024183911007216 
0.7970055534019083 
0.8790208286270779 
0.5712629325649993 
0.41265223459174166 
0.3658038108493913 
0.15866011945917338 
0.8889864924359412 
0.3278857640223011 
0.6253689242567696 
0.19833532275136545 
0.6166460436388003 
0.5699125235250817 
0.028389443931304385 
0.35209282293466304 
0.49658302033873175 
0.32208670799661937 
0.30176687823338605 
0.17223823582148776 
0.41855520473821767 
0.29065000531913315 
0.18703493132392449 
0.2875568260346363 
0.4921863964526607 
0.0 
0.10711911482927111 
0.1663408532933806 
0.8733917210568526 
0.5937472781074312 
0.33160409697197957 
0.2956354027202682 
0.5711344048817985 
0.0 
0.0005807816411567473 
0.44342930274212994 
0.26060076832324247 
0.2795116201115435 
0.4075672549598358 
0.27151985594019895 
0.2545856817327408 
0.7594829827422402 
0.5679887036942088 
0.12506722863157657 
0.13644550364198646 
0.2895668866739375 
0.1581709485426171 
0.0006134319347561462 
0.12926288654025328 
0.1504616068577526 
0.15623882197335143 
0.30543197221957064 
0.13793788520397457 
0.40307539412977356 
0.3980052359203754 
0.1548393706410382 
0.3334171525840088 
0.4216755803576889 
0.029389343416726388 
0.41634378918356807 
0.15943339172168555 
0.44128239869033276 
0.33374027271027973 
0.2560160961375431 
0.1598796204544189 
0.19461381963644592 
0.17466026509667487 
0.2872931513170958 
0.6262560145786246 
0.3295197795947242 
0.13301077774046752 
0.19161248467788122 
0.004737102653826396 
0.12178342549240039 
0.0047642044780397035 
0.026293728400402103 
0.40887344577423196 
0.0 
0.3723341164809757 
0.28509463398761176 
0.15564542120876304 
0.16928699060999036 
0.015886497428937406 
0.13499107702462332 
0.40066291076999644 
0.0 
0.0 
0.011498905307920389 
0.12814965949746576 
0.0 
0.0 
