0.0 
0.0 
0.0 
0.0 
0.0 
0.0 
0.0 
0.0 
0.0 
0.0 
0.0 
0.0 
0.0 
0.0 
0.0 
0.0 
0.0 
0.0 
0.0 
0.0 
0.0 
0.0 
0.0 
0.0 
0.0 
0.0 
0.0 
0.0 
0.0 
0.0 
0.0 
0.0 
0.0 
0.0 
0.551852031026411 
0.0 
0.9860639968912527 
0.4670875590607543 
3.1019687363834034 
0.0 
0.8009045937255733 
0.0 
0.36364948369781913 
0.3471221455564465 
0.0 
0.6345531988206118 
0.30377702852546457 
0.2911210548162596 
1.3961991283434705 
0.5361427445600946 
0.7726793999755152 
0.49530917517518014 
0.23830997911262974 
0.4589689090255469 
0.2211402676303967 
0.8529721677515602 
0.8230456636280814 
0.7946669246780319 
0.3838655153359256 
0.37107090173246843 
0.0 
0.6946572859321152 
0.3363030425237431 
0.8144855600833105 
0.1578851943823534 
0.6124042933900689 
0.594124601665836 
0.0 
0.27996883368498515 
0.40795520724342577 
0.2643093928591864 
0.25696782431578497 
0.3748919172009621 
0.364760172111168 
0.23668911487921657 
0.23046072713624338 
0.22447498993692536 
0.3280791908075017 
0.0 
0.10392656618475311 
0.1013605771273 
0.6922192268439612 
0.38602277608326807 
0.18841604358110672 
0.18398288013141997 
0.35940870964970323 
0.0 
0.0 
0.2515912591895761 
0.16400034454085344 
0.16039605138528998 
0.23536392723432262 
0.15353499019528083 
0.15026838169331366 
0.4413147761344995 
0.2880806468810332 
0.07053524979775948 
0.06909579276046661 
0.13539990825410306 
0.06634598923554312 
0.0 
