0.0 
0.0 
0.0 
0.0 
0.0 
0.0 
0.0 
0.0 
0.0 
0.0 
0.0 
0.0 
0.0 
0.0 
0.0 
0.0 
0.0 
0.0 
0.0 
0.0 
0.0 
0.0 
0.0 
0.0 
0.0 
0.0 
0.0 
0.0 
0.0 
0.0 
0.0 
0.0 
0.0 
0.0 
0.3382318899839294 
0.3194449569953358 
1.7335641235668797 
2.2148990703848668 
3.3306853252411663 
0.6654279373452373 
0.7363155135864141 
0.22144988202277296 
1.0088340515487886 
0.12317237422970682 
0.23539747520380022 
0.6243184698073762 
0.6075540570509291 
0.6291971184738515 
0.9908509943082694 
0.42372571747491344 
1.2545654773795998 
1.222295222609719 
0.845616054915783 
0.6070233958079814 
0.7418899301148791 
0.7910628975115274 
1.1482814500617589 
0.7818497162154829 
0.5510327558854418 
0.41296600354097307 
0.43415984713444067 
0.43696184115084674 
0.7973636653385522 
1.198081985154805 
0.6671922730351063 
0.903790207180505 
0.47913274327889993 
0.9998389605541834 
0.7270158423110098 
0.6492190394841614 
0.3964640892887797 
0.4807785100101783 
0.28620780775557325 
0.5647899439140666 
0.16033778749882413 
0.3085200056823904 
0.336712484905388 
0.278690925524652 
0.28538945391554155 
0.30172228892347674 
0.49045440545467744 
0.5741910637415346 
0.3517788201403975 
0.525741540960185 
0.41544521319998057 
0.5651991804975173 
0.1415914179534976 
0.16051330206037773 
0.22994900033455878 
0.3385813564714394 
0.12159055508239727 
0.19487120857035312 
0.08172023671684302 
0.2229788889642719 
0.12100566442397567 
0.17191909571932626 
0.0 
0.13819158552093322 
0.06769995412705153 
0.0 
0.06503223978903352 
