0.0
0.0
0.0
0.0
0.0
0.0
0.0
0.0
0.0
0.0
0.0
0.0
0.0
0.0
0.0
0.0
0.0
0.0
0.0
0.0
0.0
0.0
0.0
0.0
0.0
0.0
0.0
0.0
0.0
0.0
0.0
0.0
0.0
0.0
0.0945564874060851
0.0893047385684027
0.2445434985316899
0.2864355824384034
0.719337921187358
0.1252860965987396
0.1047302674818637
0.0
0.2820375153828456
0.0344351017661147
0.0658098208134096
0.1201753348824194
0.0904060764881611
0.1391486301788951
0.2770129980533272
0.1184615026228395
0.276411647371369
0.180910277866543
0.0666248557538365
0.1283151117336613
0.0897457001324257
0.178851076364617
0.2672148468639599
0.1917094261858045
0.0830855033413248
0.0535441648812341
0.0453151810675839
0.0736112822622958
0.1031207203948821
0.2188951643623791
0.132422305639406
0.1574055861364913
0.127256055071655
0.1261137880302786
0.1161462778795423
0.1103752582816981
0.0846211958442062
0.1355729430845748
0.0473339466646398
0.1557088481807809
0.0651054123765443
0.0810588943370998
0.0506112746343685
0.0660802530291641
0.0
0.0234318376867149
0.0594185892383256
0.0766980125387485
0.0748499581693344
0.0637220071297704
0.0995563772472554
0.1434307968900107
0.0
0.0015474459467205
0.0589942610571028
0.0968784166176892
0.0520759551588487
0.0459910336975865
0.0678491959780666
0.0413341297701544
0.0955215030575991
0.0441676737804767
0.0069974611707138
0.0473594749503321
0.0293070004742975
0.0173521984538652
0.0375362248905045
