0.0 
0.0 
0.0 
0.0 
0.0 
0.0 
0.0 
0.0 
0.0 
0.0 
0.0 
0.0 
0.0 
0.0 
0.0 
0.0 
0.0 
0.0 
0.0 
0.0 
0.0 
0.0 
0.0 
0.0 
0.0 
0.0 
0.0 
0.0 
0.0 
0.0 
0.0 
0.0 
0.0 
0.0 
0.1691159449919647 
0.1597224784976679 
0.43736709539531365 
0.48968856998304877 
1.3079729925303292 
0.22407267277951867 
0.18730833240356148 
0.0 
0.3225922839254847 
0.06158618711485341 
0.11769873760190011 
0.21492930927794915 
0.16168777324742467 
0.24886154685906067 
0.4954254971541347 
0.21186285873745672 
0.49434864837143166 
0.3634930237172694 
0.13452982691842003 
0.11474222725638672 
0.16050503295754598 
0.31986456290683496 
0.5442721323992151 
0.39092485810774147 
0.17954999910873942 
0.11371527633736939 
0.21707992356722033 
0.20167469591577541 
0.16815152126187155 
0.39673328894380605 
0.1502455882025621 
0.25928407583047275 
0.19644442474434898 
0.10463430982543781 
0.15353129589176603 
0.18862445066093877 
0.14707538796196665 
0.06631427724278322 
0.07255972590986365 
0.27847281956874115 
0.07444254419588263 
0.10222048381043056 
0.11585805932228406 
0.11817906335539041 
0.0 
0.06034445778469535 
0.10626512118184678 
0.245626177267212 
0.2303684308884019 
0.06229885311955949 
0.09050770716142434 
0.21158738551958337 
0.0 
0.002767470725178926 
0.10550601191820932 
0.13490350921908914 
0.09054615804008308 
0.08225083478618801 
0.08667297833604563 
0.08604076693730058 
0.2147257378503882 
0.14520193895213368 
0.012514318512505715 
0.034547896380233305 
0.06769995412705153 
0.031032801416625004 
0.002097814186743017 
