0.0
0.0
0.0
0.0
0.0
0.0
0.0
0.0
0.0
0.0
0.0
0.0
0.0
0.0
0.0
0.0
0.0
0.0
0.0
0.0
0.0
0.0
0.0
0.0
0.0
0.0
0.0
0.0
0.0
0.0
0.0
0.0129779718532915
0.0539996621682239
0.1669861665324179
0.4274825597364109
0.8959449702534609
1.732086591974753
2.6953107811198427
2.9931460336143303
2.643209068314915
2.123569971250097
1.6585698886077804
1.368106116427598
1.1230492045108684
0.9593237227155684
1.0222043630019528
1.1197762644246714
1.269011996466312
1.5324344436685446
1.5956527839938546
1.723453941592046
1.658594548713173
1.7221025105156986
1.675137974157583
1.8006121807964723
1.694460739489945
1.6749769593699677
1.5620156711876827
1.4748485564355542
1.6104407569040229
1.6105886480288671
1.7484560565501164
1.822179227715878
1.802481164638034
1.6996815599110322
1.5951577958119538
1.5402367650540454
1.506379972124294
1.3360736902762964
1.264399334978387
1.2398453018265696
1.1800266524456795
1.182553544893277
1.2235003509589353
1.1790108601242102
0.0
0.0
0.0
0.0
0.0
0.0
0.0
0.0
0.0
0.0
0.0
0.0
0.0
0.0
0.0
0.0
0.0
0.0
0.0
0.0
0.0
0.0
0.0
0.0
0.0
0.0
