0.0
0.0
0.0
0.0
0.0
0.0
0.0
0.0
0.0
0.0
0.0
0.0
0.0
0.0
0.0
0.0
0.0
0.0
0.0
0.0
0.0
0.0
0.0
0.0
0.0
0.0
0.0
0.0
0.0
0.0
0.0
0.0016062877216354
0.0049041449286064
0.0162891826648057
0.0378021867227762
0.0802066826385613
0.1443099139347892
0.2322479607521208
0.2550906650845465
0.2268695317667471
0.1981996750346636
0.1582133721109724
0.1420271102935102
0.1223272293955875
0.106472835068726
0.1132476545225122
0.124936334382321
0.1422078716327358
0.1686669916450168
0.1717519363634338
0.1815450206157546
0.1732602735575878
0.1749134814071015
0.1631086739826998
0.1678149074636799
0.1502266669061034
0.1531030566294815
0.1360226392888318
0.1236844012165097
0.128644725988018
0.121152322688259
0.1251892640410716
0.1193458132019479
0.1143257962307668
0.112092648277741
0.112455028523861
0.112678879139
0.1139111297906592
0.0968050577725877
0.0804979197446841
0.0812853308924597
0.0818861547109922
0.084685113160195
0.0904261150757076
0.0892486204282163
0.0872025646450836
0.0911798612454065
0.0944231921106372
0.0960131167937081
0.097623629217533
0.0918851575506972
0.0869334664722961
0.0834491818001333
0.0810261587161986
0.0720343141345748
0.0610533760790672
0.0554892766897868
0.0494207197301981
0.0484514013454361
0.0475798294379216
0.0473374504091011
0.0451981566929577
0.0470633359043738
0.049867660053857
0.0494480318170227
0.0501005221007972
0.0456616660745682
0.0396251559455973
0.0358733662474966
0.034913598734085
0.036843906075417
